10111
299
764
873
30
1
580 750
379
918
01/01/0001 00:00:00
356
2
37 30
741
801
01/01/0001 00:00:00
727
3
847 839
938
926
01/01/0001 00:00:00
723
4
37 78
213
65
01/01/0001 00:00:00
807
5
813 559
54
345
01/01/0001 00:00:00
942
6
26 159
92
734
01/01/0001 00:00:00
673
7
44 627
701
118
01/01/0001 00:00:00
497
8
375 750
556
117
01/01/0001 00:00:00
472
9
193 771
806
260
01/01/0001 00:00:00
774
10
323 90
793
765
01/01/0001 00:00:00
50
11
256 287
234
957
01/01/0001 00:00:00
59
12
20 696
33
976
01/01/0001 00:00:00
329
13
877 938
7
127
01/01/0001 00:00:00
682
14
220 138
819
429
01/01/0001 00:00:00
348
15
287 521
96
593
01/01/0001 00:00:00
613
16
41 752
793
571
01/01/0001 00:00:00
619
17
936 366
326
683
01/01/0001 00:00:00
416
18
757 393
744
58
01/01/0001 00:00:00
476
19
679 716
580
788
01/01/0001 00:00:00
594
20
255 764
678
577
01/01/0001 00:00:00
554
21
185 270
364
417
01/01/0001 00:00:00
763
22
734 191
640
343
01/01/0001 00:00:00
17
23
268 902
462
357
01/01/0001 00:00:00
392
24
511 611
323
711
01/01/0001 00:00:00
924
25
826 394
761
952
01/01/0001 00:00:00
668
26
570 941
307
998
01/01/0001 00:00:00
358
27
277 73
216
17
01/01/0001 00:00:00
433
28
665 1
908
920
01/01/0001 00:00:00
681
29
566 752
400
40
01/01/0001 00:00:00
208
30
776 254
223
395
01/01/0001 00:00:00
82
643
440
967
652
30
1
727 791
509
411
01/01/0001 00:00:00
749
2
192 792
883
641
01/01/0001 00:00:00
985
3
740 194
685
445
01/01/0001 00:00:00
923
4
727 510
703
403
01/01/0001 00:00:00
29
5
358 74
993
720
01/01/0001 00:00:00
744
6
891 315
718
911
01/01/0001 00:00:00
916
7
714 836
106
563
01/01/0001 00:00:00
289
8
642 156
590
159
01/01/0001 00:00:00
727
9
888 682
110
414
01/01/0001 00:00:00
300
10
13 91
809
300
01/01/0001 00:00:00
668
11
572 940
37
938
01/01/0001 00:00:00
294
12
653 797
789
667
01/01/0001 00:00:00
857
13
876 74
972
725
01/01/0001 00:00:00
270
14
903 88
122
155
01/01/0001 00:00:00
280
15
570 920
544
675
01/01/0001 00:00:00
141
16
675 963
579
419
01/01/0001 00:00:00
730
17
800 506
418
242
01/01/0001 00:00:00
344
18
774 799
168
269
01/01/0001 00:00:00
636
19
845 366
922
301
01/01/0001 00:00:00
850
20
814 710
385
143
01/01/0001 00:00:00
396
21
925 968
653
19
01/01/0001 00:00:00
97
22
652 395
361
797
01/01/0001 00:00:00
618
23
689 218
369
936
01/01/0001 00:00:00
56
24
370 655
729
380
01/01/0001 00:00:00
496
25
104 920
853
519
01/01/0001 00:00:00
434
26
204 997
242
825
01/01/0001 00:00:00
326
27
965 578
435
23
01/01/0001 00:00:00
805
28
831 852
399
144
01/01/0001 00:00:00
692
29
378 438
370
650
01/01/0001 00:00:00
946
30
627 996
986
245
01/01/0001 00:00:00
480
159
980
4
647
30
1
292 5
115
133
01/01/0001 00:00:00
585
2
893 654
153
536
01/01/0001 00:00:00
470
3
653 111
782
346
01/01/0001 00:00:00
130
4
224 517
256
585
01/01/0001 00:00:00
688
5
117 666
549
202
01/01/0001 00:00:00
573
6
807 207
10
996
01/01/0001 00:00:00
344
7
167 984
574
787
01/01/0001 00:00:00
730
8
800 716
719
814
01/01/0001 00:00:00
251
9
37 225
901
900
01/01/0001 00:00:00
996
10
834 844
649
856
01/01/0001 00:00:00
20
11
963 902
395
315
01/01/0001 00:00:00
529
12
625 455
913
560
01/01/0001 00:00:00
777
13
685 644
156
191
01/01/0001 00:00:00
302
14
668 537
994
615
01/01/0001 00:00:00
330
15
508 798
442
334
01/01/0001 00:00:00
651
16
892 764
648
205
01/01/0001 00:00:00
738
17
962 558
153
976
01/01/0001 00:00:00
381
18
264 588
258
257
01/01/0001 00:00:00
105
19
344 802
158
36
01/01/0001 00:00:00
565
20
392 68
709
597
01/01/0001 00:00:00
327
21
297 849
33
526
01/01/0001 00:00:00
511
22
164 460
61
664
01/01/0001 00:00:00
637
23
861 806
707
822
01/01/0001 00:00:00
814
24
127 490
180
810
01/01/0001 00:00:00
37
25
79 278
736
510
01/01/0001 00:00:00
985
26
705 639
405
768
01/01/0001 00:00:00
258
27
824 54
51
877
01/01/0001 00:00:00
440
28
113 524
627
464
01/01/0001 00:00:00
216
29
804 527
594
620
01/01/0001 00:00:00
243
30
537 95
336
221
01/01/0001 00:00:00
437
901
887
899
559
30
1
247 19
113
523
01/01/0001 00:00:00
540
2
806 524
54
292
01/01/0001 00:00:00
405
3
813 806
755
829
01/01/0001 00:00:00
381
4
701 603
862
715
01/01/0001 00:00:00
593
5
233 552
684
116
01/01/0001 00:00:00
266
6
447 610
303
184
01/01/0001 00:00:00
330
7
356 936
155
491
01/01/0001 00:00:00
629
8
421 0
1
86
01/01/0001 00:00:00
658
9
691 750
234
189
01/01/0001 00:00:00
807
10
437 782
266
955
01/01/0001 00:00:00
519
11
834 38
172
306
01/01/0001 00:00:00
326
12
695 334
996
256
01/01/0001 00:00:00
93
13
195 221
870
961
01/01/0001 00:00:00
48
14
876 651
264
199
01/01/0001 00:00:00
959
15
701 601
776
56
01/01/0001 00:00:00
901
16
483 318
494
309
01/01/0001 00:00:00
829
17
665 344
347
664
01/01/0001 00:00:00
496
18
317 763
848
165
01/01/0001 00:00:00
934
19
86 3
745
993
01/01/0001 00:00:00
462
20
469 879
272
140
01/01/0001 00:00:00
930
21
785 517
66
995
01/01/0001 00:00:00
818
22
233 262
115
404
01/01/0001 00:00:00
843
23
377 840
687
426
01/01/0001 00:00:00
428
24
851 873
206
465
01/01/0001 00:00:00
730
25
113 802
99
265
01/01/0001 00:00:00
873
26
698 856
782
594
01/01/0001 00:00:00
431
27
603 45
354
378
01/01/0001 00:00:00
43
28
147 277
352
845
01/01/0001 00:00:00
263
29
55 648
444
321
01/01/0001 00:00:00
557
30
246 315
318
565
01/01/0001 00:00:00
610
596
673
806
410
30
1
817 983
418
801
01/01/0001 00:00:00
121
2
119 376
480
521
01/01/0001 00:00:00
972
3
239 331
485
308
01/01/0001 00:00:00
383
4
280 574
521
360
01/01/0001 00:00:00
202
5
675 464
358
777
01/01/0001 00:00:00
707
6
626 382
538
217
01/01/0001 00:00:00
983
7
835 929
238
943
01/01/0001 00:00:00
561
8
60 728
476
230
01/01/0001 00:00:00
726
9
886 574
126
471
01/01/0001 00:00:00
82
10
225 760
6
934
01/01/0001 00:00:00
284
11
36 74
313
604
01/01/0001 00:00:00
735
12
352 625
641
93
01/01/0001 00:00:00
494
13
736 838
263
538
01/01/0001 00:00:00
137
14
309 92
542
747
01/01/0001 00:00:00
323
15
551 98
290
634
01/01/0001 00:00:00
315
16
100 338
886
695
01/01/0001 00:00:00
481
17
866 376
603
932
01/01/0001 00:00:00
946
18
760 616
634
208
01/01/0001 00:00:00
209
19
434 87
382
735
01/01/0001 00:00:00
989
20
48 311
588
334
01/01/0001 00:00:00
772
21
133 218
259
611
01/01/0001 00:00:00
732
22
938 783
679
288
01/01/0001 00:00:00
634
23
13 738
945
611
01/01/0001 00:00:00
628
24
360 234
331
592
01/01/0001 00:00:00
376
25
693 458
334
537
01/01/0001 00:00:00
888
26
464 716
555
645
01/01/0001 00:00:00
267
27
789 750
551
923
01/01/0001 00:00:00
348
28
648 116
991
199
01/01/0001 00:00:00
8
29
976 937
346
573
01/01/0001 00:00:00
195
30
696 141
770
107
01/01/0001 00:00:00
628
813
979
996
958
30
1
78 675
884
721
01/01/0001 00:00:00
723
2
268 221
228
33
01/01/0001 00:00:00
21
3
844 263
186
22
01/01/0001 00:00:00
263
4
980 243
242
131
01/01/0001 00:00:00
583
5
399 755
111
760
01/01/0001 00:00:00
342
6
191 323
945
447
01/01/0001 00:00:00
16
7
453 809
754
593
01/01/0001 00:00:00
844
8
673 764
395
268
01/01/0001 00:00:00
931
9
786 748
903
324
01/01/0001 00:00:00
728
10
931 509
118
506
01/01/0001 00:00:00
126
11
384 570
847
412
01/01/0001 00:00:00
559
12
323 563
123
379
01/01/0001 00:00:00
531
13
945 275
780
17
01/01/0001 00:00:00
567
14
35 509
592
178
01/01/0001 00:00:00
589
15
216 848
974
200
01/01/0001 00:00:00
797
16
651 852
786
31
01/01/0001 00:00:00
410
17
682 204
439
321
01/01/0001 00:00:00
631
18
882 961
341
34
01/01/0001 00:00:00
521
19
110 640
15
737
01/01/0001 00:00:00
986
20
510 967
886
757
01/01/0001 00:00:00
693
21
422 916
940
917
01/01/0001 00:00:00
910
22
536 596
647
615
01/01/0001 00:00:00
907
23
470 776
92
969
01/01/0001 00:00:00
848
24
740 836
459
385
01/01/0001 00:00:00
685
25
73 168
558
657
01/01/0001 00:00:00
479
26
575 832
236
214
01/01/0001 00:00:00
286
27
684 966
29
337
01/01/0001 00:00:00
988
28
765 264
521
410
01/01/0001 00:00:00
95
29
285 314
726
126
01/01/0001 00:00:00
50
30
334 548
46
888
01/01/0001 00:00:00
245
673
507
500
71
30
1
620 253
358
282
01/01/0001 00:00:00
438
2
335 704
359
432
01/01/0001 00:00:00
328
3
223 504
746
754
01/01/0001 00:00:00
980
4
83 476
315
49
01/01/0001 00:00:00
290
5
399 758
441
431
01/01/0001 00:00:00
606
6
144 27
785
348
01/01/0001 00:00:00
969
7
613 176
465
957
01/01/0001 00:00:00
717
8
734 407
981
83
01/01/0001 00:00:00
75
9
391 926
881
398
01/01/0001 00:00:00
902
10
545 587
793
65
01/01/0001 00:00:00
805
11
769 358
457
210
01/01/0001 00:00:00
672
12
861 812
926
675
01/01/0001 00:00:00
293
13
308 918
11
463
01/01/0001 00:00:00
714
14
46 39
788
37
01/01/0001 00:00:00
246
15
675 494
232
974
01/01/0001 00:00:00
898
16
473 876
43
528
01/01/0001 00:00:00
61
17
556 233
719
543
01/01/0001 00:00:00
199
18
255 719
254
285
01/01/0001 00:00:00
855
19
922 480
305
789
01/01/0001 00:00:00
767
20
472 915
418
683
01/01/0001 00:00:00
855
21
506 799
756
819
01/01/0001 00:00:00
129
22
275 125
483
311
01/01/0001 00:00:00
199
23
984 768
397
614
01/01/0001 00:00:00
736
24
74 198
467
263
01/01/0001 00:00:00
459
25
327 784
503
181
01/01/0001 00:00:00
324
26
194 188
442
207
01/01/0001 00:00:00
425
27
558 458
360
672
01/01/0001 00:00:00
554
28
757 476
900
413
01/01/0001 00:00:00
924
29
129 235
943
86
01/01/0001 00:00:00
870
30
153 83
691
52
01/01/0001 00:00:00
692
273
447
154
223
30
1
528 722
296
574
01/01/0001 00:00:00
494
2
934 86
683
276
01/01/0001 00:00:00
885
3
640 526
407
724
01/01/0001 00:00:00
60
4
979 598
298
53
01/01/0001 00:00:00
339
5
330 91
840
416
01/01/0001 00:00:00
310
6
170 111
497
389
01/01/0001 00:00:00
514
7
152 111
304
136
01/01/0001 00:00:00
144
8
832 461
901
405
01/01/0001 00:00:00
479
9
837 445
959
57
01/01/0001 00:00:00
445
10
344 745
358
631
01/01/0001 00:00:00
73
11
94 975
393
814
01/01/0001 00:00:00
893
12
436 881
879
264
01/01/0001 00:00:00
323
13
823 589
294
761
01/01/0001 00:00:00
733
14
529 222
271
580
01/01/0001 00:00:00
228
15
518 696
893
574
01/01/0001 00:00:00
502
16
884 132
783
971
01/01/0001 00:00:00
966
17
425 753
865
315
01/01/0001 00:00:00
420
18
177 717
489
243
01/01/0001 00:00:00
708
19
950 581
637
81
01/01/0001 00:00:00
656
20
247 151
197
323
01/01/0001 00:00:00
915
21
122 474
777
402
01/01/0001 00:00:00
555
22
397 81
819
312
01/01/0001 00:00:00
9
23
304 98
908
297
01/01/0001 00:00:00
898
24
69 723
978
341
01/01/0001 00:00:00
556
25
812 733
27
872
01/01/0001 00:00:00
277
26
936 58
811
917
01/01/0001 00:00:00
254
27
732 934
459
55
01/01/0001 00:00:00
844
28
950 975
462
760
01/01/0001 00:00:00
22
29
95 898
176
234
01/01/0001 00:00:00
404
30
852 673
340
182
01/01/0001 00:00:00
586
523
173
856
767
30
1
103 389
446
905
01/01/0001 00:00:00
125
2
619 339
269
901
01/01/0001 00:00:00
57
3
276 369
638
852
01/01/0001 00:00:00
453
4
947 94
260
217
01/01/0001 00:00:00
318
5
461 914
556
793
01/01/0001 00:00:00
468
6
425 262
718
628
01/01/0001 00:00:00
331
7
731 559
77
692
01/01/0001 00:00:00
951
8
455 503
69
337
01/01/0001 00:00:00
140
9
683 825
996
119
01/01/0001 00:00:00
957
10
34 213
820
886
01/01/0001 00:00:00
235
11
492 262
955
537
01/01/0001 00:00:00
306
12
189 832
653
437
01/01/0001 00:00:00
700
13
356 620
641
569
01/01/0001 00:00:00
326
14
717 291
946
901
01/01/0001 00:00:00
997
15
443 24
923
76
01/01/0001 00:00:00
635
16
635 917
437
836
01/01/0001 00:00:00
433
17
211 441
831
393
01/01/0001 00:00:00
838
18
468 603
540
385
01/01/0001 00:00:00
762
19
622 850
632
637
01/01/0001 00:00:00
784
20
62 184
426
792
01/01/0001 00:00:00
240
21
742 267
919
889
01/01/0001 00:00:00
791
22
467 339
878
901
01/01/0001 00:00:00
670
23
272 395
816
3
01/01/0001 00:00:00
488
24
915 788
247
731
01/01/0001 00:00:00
858
25
113 751
560
138
01/01/0001 00:00:00
375
26
592 392
285
292
01/01/0001 00:00:00
573
27
451 490
644
595
01/01/0001 00:00:00
690
28
944 522
942
602
01/01/0001 00:00:00
371
29
128 725
638
715
01/01/0001 00:00:00
489
30
226 33
628
148
01/01/0001 00:00:00
868
273
936
695
934
30
1
127 991
706
780
01/01/0001 00:00:00
513
2
198 75
53
585
01/01/0001 00:00:00
328
3
219 781
751
221
01/01/0001 00:00:00
313
4
544 393
846
644
01/01/0001 00:00:00
359
5
729 387
113
845
01/01/0001 00:00:00
649
6
148 558
764
137
01/01/0001 00:00:00
423
7
299 514
794
710
01/01/0001 00:00:00
468
8
699 237
741
428
01/01/0001 00:00:00
404
9
295 75
139
309
01/01/0001 00:00:00
496
10
707 475
812
315
01/01/0001 00:00:00
604
11
475 427
291
336
01/01/0001 00:00:00
204
12
739 877
860
131
01/01/0001 00:00:00
365
13
639 311
916
161
01/01/0001 00:00:00
29
14
704 987
40
752
01/01/0001 00:00:00
613
15
306 651
417
240
01/01/0001 00:00:00
63
16
653 248
804
349
01/01/0001 00:00:00
941
17
673 746
449
532
01/01/0001 00:00:00
948
18
871 222
458
505
01/01/0001 00:00:00
729
19
821 377
609
63
01/01/0001 00:00:00
764
20
984 159
978
280
01/01/0001 00:00:00
791
21
720 434
60
701
01/01/0001 00:00:00
297
22
824 10
51
272
01/01/0001 00:00:00
550
23
490 73
510
190
01/01/0001 00:00:00
692
24
893 862
383
213
01/01/0001 00:00:00
157
25
481 529
534
22
01/01/0001 00:00:00
792
26
929 41
353
475
01/01/0001 00:00:00
79
27
494 270
523
558
01/01/0001 00:00:00
220
28
238 685
747
235
01/01/0001 00:00:00
124
29
861 171
185
954
01/01/0001 00:00:00
238
30
747 866
419
371
01/01/0001 00:00:00
871
122
776
764
123
30
1
310 191
899
37
01/01/0001 00:00:00
908
2
368 782
657
575
01/01/0001 00:00:00
193
3
56 220
550
952
01/01/0001 00:00:00
969
4
453 207
114
147
01/01/0001 00:00:00
89
5
295 310
343
579
01/01/0001 00:00:00
784
6
44 62
622
981
01/01/0001 00:00:00
604
7
956 718
505
400
01/01/0001 00:00:00
248
8
29 338
648
839
01/01/0001 00:00:00
866
9
341 204
596
992
01/01/0001 00:00:00
898
10
18 197
913
449
01/01/0001 00:00:00
917
11
664 8
628
675
01/01/0001 00:00:00
827
12
999 847
320
253
01/01/0001 00:00:00
863
13
306 159
675
971
01/01/0001 00:00:00
236
14
337 715
149
704
01/01/0001 00:00:00
940
15
115 558
274
281
01/01/0001 00:00:00
747
16
91 713
350
681
01/01/0001 00:00:00
766
17
847 148
172
63
01/01/0001 00:00:00
939
18
947 90
830
572
01/01/0001 00:00:00
248
19
181 18
395
975
01/01/0001 00:00:00
560
20
181 528
624
755
01/01/0001 00:00:00
561
21
302 47
209
509
01/01/0001 00:00:00
802
22
105 733
346
927
01/01/0001 00:00:00
736
23
285 497
638
487
01/01/0001 00:00:00
16
24
157 987
612
31
01/01/0001 00:00:00
288
25
246 884
576
456
01/01/0001 00:00:00
758
26
97 163
299
720
01/01/0001 00:00:00
565
27
562 88
594
119
01/01/0001 00:00:00
463
28
799 939
663
261
01/01/0001 00:00:00
833
29
214 743
903
836
01/01/0001 00:00:00
962
30
684 379
908
958
01/01/0001 00:00:00
402
194
916
593
466
30
1
314 417
470
752
01/01/0001 00:00:00
750
2
704 942
433
625
01/01/0001 00:00:00
361
3
173 197
902
519
01/01/0001 00:00:00
23
4
217 218
323
350
01/01/0001 00:00:00
197
5
74 502
981
739
01/01/0001 00:00:00
494
6
74 718
254
341
01/01/0001 00:00:00
318
7
371 646
495
127
01/01/0001 00:00:00
805
8
45 328
186
912
01/01/0001 00:00:00
556
9
890 780
118
541
01/01/0001 00:00:00
663
10
765 781
860
884
01/01/0001 00:00:00
741
11
183 870
565
395
01/01/0001 00:00:00
392
12
811 436
731
258
01/01/0001 00:00:00
676
13
986 688
92
307
01/01/0001 00:00:00
990
14
527 701
774
713
01/01/0001 00:00:00
978
15
888 32
411
794
01/01/0001 00:00:00
306
16
293 384
439
76
01/01/0001 00:00:00
729
17
292 858
369
599
01/01/0001 00:00:00
134
18
500 80
99
735
01/01/0001 00:00:00
993
19
609 597
927
236
01/01/0001 00:00:00
570
20
202 687
810
551
01/01/0001 00:00:00
136
21
63 7
146
906
01/01/0001 00:00:00
852
22
151 459
771
88
01/01/0001 00:00:00
98
23
427 996
654
529
01/01/0001 00:00:00
383
24
128 318
492
173
01/01/0001 00:00:00
489
25
446 601
39
720
01/01/0001 00:00:00
369
26
291 104
174
224
01/01/0001 00:00:00
104
27
606 573
888
939
01/01/0001 00:00:00
665
28
285 712
463
747
01/01/0001 00:00:00
982
29
40 308
11
636
01/01/0001 00:00:00
566
30
612 942
398
853
01/01/0001 00:00:00
441
884
194
637
61
30
1
689 461
968
425
01/01/0001 00:00:00
537
2
561 46
285
547
01/01/0001 00:00:00
984
3
492 853
108
715
01/01/0001 00:00:00
863
4
97 416
855
745
01/01/0001 00:00:00
190
5
449 138
590
402
01/01/0001 00:00:00
154
6
756 348
706
321
01/01/0001 00:00:00
782
7
219 411
935
826
01/01/0001 00:00:00
250
8
203 317
286
926
01/01/0001 00:00:00
185
9
936 755
760
27
01/01/0001 00:00:00
144
10
712 504
227
534
01/01/0001 00:00:00
755
11
25 29
448
447
01/01/0001 00:00:00
612
12
550 871
565
270
01/01/0001 00:00:00
780
13
212 339
963
765
01/01/0001 00:00:00
764
14
80 917
281
464
01/01/0001 00:00:00
660
15
780 129
928
559
01/01/0001 00:00:00
254
16
694 377
563
257
01/01/0001 00:00:00
442
17
252 121
172
566
01/01/0001 00:00:00
756
18
190 962
488
214
01/01/0001 00:00:00
699
19
332 751
15
145
01/01/0001 00:00:00
973
20
596 791
995
262
01/01/0001 00:00:00
63
21
794 223
762
874
01/01/0001 00:00:00
974
22
896 100
889
193
01/01/0001 00:00:00
917
23
173 308
307
828
01/01/0001 00:00:00
528
24
91 167
397
9
01/01/0001 00:00:00
574
25
118 429
66
765
01/01/0001 00:00:00
328
26
28 113
783
586
01/01/0001 00:00:00
658
27
902 382
300
194
01/01/0001 00:00:00
647
28
28 358
298
591
01/01/0001 00:00:00
860
29
89 73
294
296
01/01/0001 00:00:00
526
30
23 443
186
616
01/01/0001 00:00:00
881
428
394
986
688
30
1
945 365
156
996
01/01/0001 00:00:00
545
2
946 782
316
302
01/01/0001 00:00:00
535
3
15 790
8
113
01/01/0001 00:00:00
181
4
499 732
868
805
01/01/0001 00:00:00
148
5
484 44
134
769
01/01/0001 00:00:00
239
6
304 584
926
166
01/01/0001 00:00:00
705
7
229 507
395
611
01/01/0001 00:00:00
248
8
282 872
361
752
01/01/0001 00:00:00
645
9
77 773
771
759
01/01/0001 00:00:00
281
10
735 14
329
5
01/01/0001 00:00:00
116
11
148 559
589
837
01/01/0001 00:00:00
204
12
900 230
386
757
01/01/0001 00:00:00
241
13
361 855
149
596
01/01/0001 00:00:00
305
14
507 395
396
865
01/01/0001 00:00:00
899
15
627 370
116
159
01/01/0001 00:00:00
71
16
710 273
375
488
01/01/0001 00:00:00
504
17
289 254
921
49
01/01/0001 00:00:00
556
18
669 918
558
406
01/01/0001 00:00:00
347
19
51 485
604
511
01/01/0001 00:00:00
284
20
221 623
174
453
01/01/0001 00:00:00
773
21
340 618
464
105
01/01/0001 00:00:00
489
22
777 443
429
765
01/01/0001 00:00:00
493
23
627 855
898
252
01/01/0001 00:00:00
951
24
106 934
99
39
01/01/0001 00:00:00
636
25
589 836
989
517
01/01/0001 00:00:00
848
26
142 766
604
875
01/01/0001 00:00:00
849
27
87 98
921
714
01/01/0001 00:00:00
164
28
671 790
815
560
01/01/0001 00:00:00
779
29
226 488
792
912
01/01/0001 00:00:00
720
30
196 586
351
560
01/01/0001 00:00:00
178
287
523
134
817
30
1
184 503
628
947
01/01/0001 00:00:00
257
2
347 11
838
554
01/01/0001 00:00:00
916
3
406 528
933
184
01/01/0001 00:00:00
88
4
279 316
118
539
01/01/0001 00:00:00
260
5
410 100
43
76
01/01/0001 00:00:00
796
6
651 555
414
44
01/01/0001 00:00:00
697
7
562 564
963
104
01/01/0001 00:00:00
529
8
660 43
842
558
01/01/0001 00:00:00
213
9
768 387
934
876
01/01/0001 00:00:00
506
10
191 262
401
263
01/01/0001 00:00:00
280
11
861 169
983
874
01/01/0001 00:00:00
407
12
84 459
551
150
01/01/0001 00:00:00
605
13
791 596
794
856
01/01/0001 00:00:00
354
14
842 564
829
655
01/01/0001 00:00:00
427
15
235 473
560
326
01/01/0001 00:00:00
491
16
22 165
167
570
01/01/0001 00:00:00
604
17
389 153
150
763
01/01/0001 00:00:00
835
18
393 580
88
697
01/01/0001 00:00:00
444
19
201 492
691
952
01/01/0001 00:00:00
421
20
171 593
77
522
01/01/0001 00:00:00
663
21
626 432
746
836
01/01/0001 00:00:00
44
22
388 608
657
382
01/01/0001 00:00:00
384
23
918 291
980
545
01/01/0001 00:00:00
216
24
637 445
30
21
01/01/0001 00:00:00
960
25
262 475
132
210
01/01/0001 00:00:00
226
26
743 781
607
904
01/01/0001 00:00:00
320
27
429 87
645
906
01/01/0001 00:00:00
978
28
957 407
314
718
01/01/0001 00:00:00
446
29
784 922
705
312
01/01/0001 00:00:00
526
30
909 511
146
736
01/01/0001 00:00:00
783
726
562
56
561
30
1
401 150
299
536
01/01/0001 00:00:00
609
2
301 606
0
753
01/01/0001 00:00:00
62
3
955 831
646
74
01/01/0001 00:00:00
567
4
258 230
130
311
01/01/0001 00:00:00
574
5
176 339
770
820
01/01/0001 00:00:00
684
6
316 232
635
871
01/01/0001 00:00:00
120
7
593 866
31
83
01/01/0001 00:00:00
504
8
827 657
870
704
01/01/0001 00:00:00
417
9
840 783
169
643
01/01/0001 00:00:00
357
10
694 262
437
578
01/01/0001 00:00:00
477
11
553 595
250
481
01/01/0001 00:00:00
384
12
61 380
479
852
01/01/0001 00:00:00
293
13
69 971
129
632
01/01/0001 00:00:00
468
14
88 799
562
569
01/01/0001 00:00:00
740
15
601 359
425
894
01/01/0001 00:00:00
734
16
393 170
126
462
01/01/0001 00:00:00
989
17
54 794
57
394
01/01/0001 00:00:00
567
18
998 615
549
699
01/01/0001 00:00:00
443
19
446 177
18
411
01/01/0001 00:00:00
348
20
869 653
537
174
01/01/0001 00:00:00
268
21
895 699
868
837
01/01/0001 00:00:00
875
22
193 169
356
747
01/01/0001 00:00:00
990
23
891 254
17
862
01/01/0001 00:00:00
238
24
274 914
734
64
01/01/0001 00:00:00
470
25
473 249
863
126
01/01/0001 00:00:00
294
26
424 341
13
546
01/01/0001 00:00:00
864
27
739 633
952
194
01/01/0001 00:00:00
94
28
354 926
219
519
01/01/0001 00:00:00
374
29
829 259
802
708
01/01/0001 00:00:00
551
30
192 160
155
173
01/01/0001 00:00:00
73
955
919
472
703
30
1
795 645
836
742
01/01/0001 00:00:00
543
2
450 851
155
810
01/01/0001 00:00:00
882
3
250 257
301
822
01/01/0001 00:00:00
768
4
884 347
694
215
01/01/0001 00:00:00
690
5
641 214
447
154
01/01/0001 00:00:00
574
6
102 264
186
840
01/01/0001 00:00:00
472
7
909 820
160
248
01/01/0001 00:00:00
399
8
448 517
184
675
01/01/0001 00:00:00
68
9
522 673
448
919
01/01/0001 00:00:00
458
10
293 890
337
386
01/01/0001 00:00:00
288
11
726 260
704
781
01/01/0001 00:00:00
62
12
580 197
682
168
01/01/0001 00:00:00
440
13
186 665
314
338
01/01/0001 00:00:00
972
14
430 97
52
423
01/01/0001 00:00:00
319
15
366 163
19
146
01/01/0001 00:00:00
167
16
967 765
527
695
01/01/0001 00:00:00
280
17
211 926
799
552
01/01/0001 00:00:00
745
18
649 116
378
185
01/01/0001 00:00:00
818
19
251 835
16
235
01/01/0001 00:00:00
882
20
856 358
110
947
01/01/0001 00:00:00
27
21
196 838
914
66
01/01/0001 00:00:00
922
22
563 241
557
613
01/01/0001 00:00:00
95
23
815 669
986
887
01/01/0001 00:00:00
229
24
259 866
762
592
01/01/0001 00:00:00
323
25
314 718
866
604
01/01/0001 00:00:00
68
26
531 146
783
264
01/01/0001 00:00:00
311
27
608 654
580
668
01/01/0001 00:00:00
83
28
373 12
732
630
01/01/0001 00:00:00
182
29
408 558
764
90
01/01/0001 00:00:00
3
30
581 848
128
5
01/01/0001 00:00:00
622
990
596
518
624
30
1
713 478
971
309
01/01/0001 00:00:00
998
2
390 416
457
293
01/01/0001 00:00:00
302
3
486 160
88
318
01/01/0001 00:00:00
804
4
855 246
133
132
01/01/0001 00:00:00
409
5
914 756
953
776
01/01/0001 00:00:00
601
6
486 683
17
777
01/01/0001 00:00:00
641
7
320 12
136
956
01/01/0001 00:00:00
954
8
604 402
702
734
01/01/0001 00:00:00
239
9
765 950
264
462
01/01/0001 00:00:00
603
10
843 493
529
323
01/01/0001 00:00:00
150
11
375 856
463
108
01/01/0001 00:00:00
709
12
957 525
194
708
01/01/0001 00:00:00
511
13
707 398
679
652
01/01/0001 00:00:00
982
14
474 23
131
363
01/01/0001 00:00:00
199
15
453 544
399
892
01/01/0001 00:00:00
643
16
963 491
491
172
01/01/0001 00:00:00
757
17
993 153
693
627
01/01/0001 00:00:00
265
18
464 548
27
247
01/01/0001 00:00:00
997
19
79 207
994
222
01/01/0001 00:00:00
532
20
366 271
611
479
01/01/0001 00:00:00
128
21
819 361
165
123
01/01/0001 00:00:00
697
22
831 457
571
465
01/01/0001 00:00:00
745
23
465 33
22
950
01/01/0001 00:00:00
518
24
553 705
51
387
01/01/0001 00:00:00
518
25
926 996
884
366
01/01/0001 00:00:00
120
26
245 550
176
360
01/01/0001 00:00:00
276
27
692 879
11
43
01/01/0001 00:00:00
938
28
632 987
569
929
01/01/0001 00:00:00
433
29
6 977
562
502
01/01/0001 00:00:00
531
30
45 185
43
704
01/01/0001 00:00:00
978
661
219
224
961
30
1
202 823
477
799
01/01/0001 00:00:00
3
2
451 281
281
210
01/01/0001 00:00:00
188
3
53 585
22
978
01/01/0001 00:00:00
12
4
886 566
135
122
01/01/0001 00:00:00
953
5
511 949
434
382
01/01/0001 00:00:00
834
6
74 60
506
471
01/01/0001 00:00:00
381
7
614 472
655
49
01/01/0001 00:00:00
841
8
115 154
188
566
01/01/0001 00:00:00
477
9
151 725
766
373
01/01/0001 00:00:00
449
10
946 23
207
31
01/01/0001 00:00:00
818
11
412 526
97
270
01/01/0001 00:00:00
450
12
253 388
94
964
01/01/0001 00:00:00
929
13
391 774
809
829
01/01/0001 00:00:00
573
14
580 930
972
136
01/01/0001 00:00:00
896
15
731 378
568
644
01/01/0001 00:00:00
801
16
785 182
60
932
01/01/0001 00:00:00
888
17
50 853
475
652
01/01/0001 00:00:00
969
18
88 375
384
599
01/01/0001 00:00:00
588
19
726 59
223
637
01/01/0001 00:00:00
86
20
377 916
937
799
01/01/0001 00:00:00
868
21
16 50
70
134
01/01/0001 00:00:00
87
22
34 957
453
468
01/01/0001 00:00:00
664
23
70 328
162
75
01/01/0001 00:00:00
878
24
538 298
156
860
01/01/0001 00:00:00
485
25
205 545
373
548
01/01/0001 00:00:00
170
26
671 154
931
558
01/01/0001 00:00:00
424
27
869 245
261
64
01/01/0001 00:00:00
872
28
0 782
341
565
01/01/0001 00:00:00
934
29
130 922
916
934
01/01/0001 00:00:00
517
30
398 897
148
758
01/01/0001 00:00:00
547
78
759
77
313
30
1
663 471
676
521
01/01/0001 00:00:00
964
2
416 880
26
895
01/01/0001 00:00:00
44
3
794 825
66
97
01/01/0001 00:00:00
203
4
878 755
957
591
01/01/0001 00:00:00
925
5
355 283
628
439
01/01/0001 00:00:00
31
6
771 773
6
173
01/01/0001 00:00:00
10
7
345 110
168
947
01/01/0001 00:00:00
400
8
401 323
261
377
01/01/0001 00:00:00
148
9
54 104
27
871
01/01/0001 00:00:00
139
10
692 331
800
944
01/01/0001 00:00:00
880
11
791 121
168
151
01/01/0001 00:00:00
958
12
380 842
237
490
01/01/0001 00:00:00
192
13
643 873
852
884
01/01/0001 00:00:00
698
14
684 656
119
696
01/01/0001 00:00:00
802
15
555 494
579
442
01/01/0001 00:00:00
870
16
251 256
757
299
01/01/0001 00:00:00
338
17
439 972
61
293
01/01/0001 00:00:00
218
18
223 942
16
988
01/01/0001 00:00:00
20
19
559 85
771
184
01/01/0001 00:00:00
505
20
180 251
142
173
01/01/0001 00:00:00
454
21
35 211
103
142
01/01/0001 00:00:00
324
22
297 541
725
281
01/01/0001 00:00:00
707
23
123 84
937
151
01/01/0001 00:00:00
752
24
670 812
559
665
01/01/0001 00:00:00
474
25
742 640
131
675
01/01/0001 00:00:00
243
26
469 723
395
937
01/01/0001 00:00:00
689
27
999 113
584
844
01/01/0001 00:00:00
303
28
227 869
918
968
01/01/0001 00:00:00
921
29
682 216
735
281
01/01/0001 00:00:00
897
30
474 148
619
431
01/01/0001 00:00:00
834
368
692
476
698
30
1
712 395
80
427
01/01/0001 00:00:00
899
2
855 573
146
788
01/01/0001 00:00:00
591
3
708 10
500
92
01/01/0001 00:00:00
847
4
524 801
893
591
01/01/0001 00:00:00
744
5
792 526
905
850
01/01/0001 00:00:00
778
6
768 321
103
963
01/01/0001 00:00:00
102
7
320 307
636
885
01/01/0001 00:00:00
132
8
908 147
441
19
01/01/0001 00:00:00
113
9
347 535
427
143
01/01/0001 00:00:00
572
10
886 973
55
771
01/01/0001 00:00:00
907
11
33 475
100
732
01/01/0001 00:00:00
905
12
186 489
230
648
01/01/0001 00:00:00
130
13
533 470
183
686
01/01/0001 00:00:00
270
14
400 373
615
960
01/01/0001 00:00:00
939
15
377 359
873
477
01/01/0001 00:00:00
396
16
257 98
761
277
01/01/0001 00:00:00
892
17
795 266
332
56
01/01/0001 00:00:00
68
18
845 206
904
980
01/01/0001 00:00:00
946
19
418 916
793
888
01/01/0001 00:00:00
579
20
877 352
741
872
01/01/0001 00:00:00
172
21
513 358
94
831
01/01/0001 00:00:00
529
22
674 601
623
335
01/01/0001 00:00:00
648
23
87 728
953
756
01/01/0001 00:00:00
334
24
267 137
127
618
01/01/0001 00:00:00
425
25
194 469
635
13
01/01/0001 00:00:00
521
26
461 565
985
898
01/01/0001 00:00:00
519
27
905 356
889
104
01/01/0001 00:00:00
378
28
437 171
500
526
01/01/0001 00:00:00
393
29
243 583
568
331
01/01/0001 00:00:00
858
30
690 962
36
553
01/01/0001 00:00:00
311
739
224
123
447
30
1
978 44
722
80
01/01/0001 00:00:00
310
2
67 108
616
724
01/01/0001 00:00:00
816
3
742 730
838
848
01/01/0001 00:00:00
378
4
897 95
637
600
01/01/0001 00:00:00
224
5
182 610
900
303
01/01/0001 00:00:00
155
6
831 499
529
431
01/01/0001 00:00:00
586
7
779 680
233
442
01/01/0001 00:00:00
126
8
333 714
90
189
01/01/0001 00:00:00
459
9
284 626
859
751
01/01/0001 00:00:00
588
10
128 851
113
658
01/01/0001 00:00:00
656
11
215 101
624
898
01/01/0001 00:00:00
264
12
367 143
419
925
01/01/0001 00:00:00
478
13
568 579
185
137
01/01/0001 00:00:00
37
14
62 497
396
722
01/01/0001 00:00:00
44
15
182 5
447
141
01/01/0001 00:00:00
940
16
555 751
149
714
01/01/0001 00:00:00
26
17
980 385
870
774
01/01/0001 00:00:00
371
18
677 55
334
177
01/01/0001 00:00:00
759
19
190 295
164
710
01/01/0001 00:00:00
890
20
704 441
721
714
01/01/0001 00:00:00
526
21
631 454
391
614
01/01/0001 00:00:00
474
22
210 654
483
958
01/01/0001 00:00:00
709
23
615 994
705
899
01/01/0001 00:00:00
498
24
183 708
410
766
01/01/0001 00:00:00
359
25
7 162
219
962
01/01/0001 00:00:00
854
26
887 840
736
250
01/01/0001 00:00:00
235
27
113 30
434
188
01/01/0001 00:00:00
395
28
525 993
256
300
01/01/0001 00:00:00
160
29
23 571
376
467
01/01/0001 00:00:00
143
30
195 589
265
212
01/01/0001 00:00:00
706
995
30
955
355
30
1
519 468
234
428
01/01/0001 00:00:00
760
2
587 370
917
233
01/01/0001 00:00:00
722
3
595 585
559
517
01/01/0001 00:00:00
503
4
972 189
452
110
01/01/0001 00:00:00
605
5
335 435
785
752
01/01/0001 00:00:00
818
6
658 297
574
524
01/01/0001 00:00:00
543
7
239 83
74
79
01/01/0001 00:00:00
668
8
926 291
565
496
01/01/0001 00:00:00
713
9
790 106
338
653
01/01/0001 00:00:00
871
10
558 635
72
762
01/01/0001 00:00:00
239
11
517 543
919
349
01/01/0001 00:00:00
19
12
83 682
482
609
01/01/0001 00:00:00
101
13
289 795
392
689
01/01/0001 00:00:00
483
14
511 510
480
848
01/01/0001 00:00:00
576
15
681 624
955
397
01/01/0001 00:00:00
815
16
229 96
132
880
01/01/0001 00:00:00
260
17
23 224
812
285
01/01/0001 00:00:00
26
18
695 164
725
60
01/01/0001 00:00:00
585
19
243 808
955
395
01/01/0001 00:00:00
423
20
994 714
649
170
01/01/0001 00:00:00
359
21
47 155
224
185
01/01/0001 00:00:00
557
22
893 588
521
533
01/01/0001 00:00:00
790
23
987 550
602
348
01/01/0001 00:00:00
78
24
65 983
106
662
01/01/0001 00:00:00
787
25
347 785
420
263
01/01/0001 00:00:00
332
26
873 668
560
974
01/01/0001 00:00:00
820
27
515 446
962
520
01/01/0001 00:00:00
213
28
867 999
626
727
01/01/0001 00:00:00
133
29
107 642
191
270
01/01/0001 00:00:00
597
30
693 206
606
316
01/01/0001 00:00:00
358
11
607
987
382
30
1
12 262
735
961
01/01/0001 00:00:00
853
2
684 224
27
547
01/01/0001 00:00:00
712
3
274 540
588
82
01/01/0001 00:00:00
135
4
210 65
356
378
01/01/0001 00:00:00
529
5
679 705
593
149
01/01/0001 00:00:00
665
6
639 666
61
243
01/01/0001 00:00:00
616
7
809 908
459
579
01/01/0001 00:00:00
508
8
951 132
38
773
01/01/0001 00:00:00
43
9
908 80
94
479
01/01/0001 00:00:00
995
10
57 105
124
471
01/01/0001 00:00:00
106
11
292 655
228
457
01/01/0001 00:00:00
702
12
306 668
585
296
01/01/0001 00:00:00
214
13
17 162
784
931
01/01/0001 00:00:00
903
14
366 80
8
573
01/01/0001 00:00:00
184
15
77 27
583
335
01/01/0001 00:00:00
620
16
599 611
114
154
01/01/0001 00:00:00
608
17
533 542
590
137
01/01/0001 00:00:00
323
18
154 679
1
877
01/01/0001 00:00:00
202
19
282 547
741
559
01/01/0001 00:00:00
25
20
746 296
162
575
01/01/0001 00:00:00
628
21
976 97
550
286
01/01/0001 00:00:00
28
22
265 71
892
837
01/01/0001 00:00:00
103
23
695 554
430
688
01/01/0001 00:00:00
680
24
474 572
646
608
01/01/0001 00:00:00
749
25
686 78
131
371
01/01/0001 00:00:00
901
26
530 285
23
309
01/01/0001 00:00:00
874
27
303 448
538
526
01/01/0001 00:00:00
631
28
436 992
303
108
01/01/0001 00:00:00
57
29
82 787
164
773
01/01/0001 00:00:00
507
30
727 116
53
878
01/01/0001 00:00:00
551
173
649
554
826
30
1
941 898
966
178
01/01/0001 00:00:00
385
2
497 980
47
583
01/01/0001 00:00:00
963
3
799 246
15
904
01/01/0001 00:00:00
56
4
243 482
268
538
01/01/0001 00:00:00
550
5
667 899
914
357
01/01/0001 00:00:00
864
6
173 413
231
144
01/01/0001 00:00:00
758
7
700 654
894
712
01/01/0001 00:00:00
584
8
733 470
813
918
01/01/0001 00:00:00
610
9
77 34
204
201
01/01/0001 00:00:00
974
10
260 712
212
997
01/01/0001 00:00:00
635
11
68 905
110
3
01/01/0001 00:00:00
159
12
42 984
609
314
01/01/0001 00:00:00
211
13
84 748
902
824
01/01/0001 00:00:00
263
14
145 352
303
319
01/01/0001 00:00:00
323
15
773 668
349
927
01/01/0001 00:00:00
473
16
632 695
713
383
01/01/0001 00:00:00
604
17
461 201
234
509
01/01/0001 00:00:00
689
18
794 543
890
553
01/01/0001 00:00:00
542
19
749 861
499
707
01/01/0001 00:00:00
526
20
329 131
379
938
01/01/0001 00:00:00
828
21
908 408
892
673
01/01/0001 00:00:00
861
22
399 555
183
530
01/01/0001 00:00:00
526
23
346 271
226
710
01/01/0001 00:00:00
749
24
883 514
393
134
01/01/0001 00:00:00
468
25
601 461
750
777
01/01/0001 00:00:00
574
26
912 169
642
401
01/01/0001 00:00:00
143
27
501 315
774
554
01/01/0001 00:00:00
695
28
53 308
561
648
01/01/0001 00:00:00
290
29
239 360
359
26
01/01/0001 00:00:00
195
30
478 635
789
957
01/01/0001 00:00:00
643
965
293
220
324
30
1
244 918
663
616
01/01/0001 00:00:00
147
2
120 961
339
928
01/01/0001 00:00:00
40
3
533 213
4
227
01/01/0001 00:00:00
908
4
563 662
648
342
01/01/0001 00:00:00
329
5
495 671
231
400
01/01/0001 00:00:00
983
6
175 591
184
459
01/01/0001 00:00:00
349
7
609 510
888
888
01/01/0001 00:00:00
739
8
291 660
79
448
01/01/0001 00:00:00
341
9
42 756
893
16
01/01/0001 00:00:00
192
10
805 682
21
630
01/01/0001 00:00:00
7
11
7 316
950
891
01/01/0001 00:00:00
829
12
573 686
262
633
01/01/0001 00:00:00
971
13
529 776
879
578
01/01/0001 00:00:00
430
14
23 325
116
487
01/01/0001 00:00:00
617
15
903 583
200
1
01/01/0001 00:00:00
286
16
738 777
215
208
01/01/0001 00:00:00
177
17
493 570
554
452
01/01/0001 00:00:00
341
18
293 559
996
58
01/01/0001 00:00:00
166
19
605 397
445
477
01/01/0001 00:00:00
812
20
266 876
314
586
01/01/0001 00:00:00
168
21
480 565
533
13
01/01/0001 00:00:00
104
22
424 115
949
604
01/01/0001 00:00:00
90
23
796 471
54
456
01/01/0001 00:00:00
477
24
958 222
427
237
01/01/0001 00:00:00
136
25
463 328
57
321
01/01/0001 00:00:00
12
26
505 137
722
189
01/01/0001 00:00:00
20
27
862 462
629
39
01/01/0001 00:00:00
696
28
927 36
541
347
01/01/0001 00:00:00
917
29
177 610
392
968
01/01/0001 00:00:00
369
30
133 343
989
999
01/01/0001 00:00:00
853
44
448
77
450
30
1
705 151
508
212
01/01/0001 00:00:00
0
2
598 287
393
760
01/01/0001 00:00:00
584
3
227 334
842
14
01/01/0001 00:00:00
759
4
550 922
680
80
01/01/0001 00:00:00
319
5
958 853
936
88
01/01/0001 00:00:00
951
6
878 162
147
723
01/01/0001 00:00:00
335
7
975 413
384
178
01/01/0001 00:00:00
334
8
545 419
823
540
01/01/0001 00:00:00
749
9
630 784
850
807
01/01/0001 00:00:00
740
10
35 291
328
230
01/01/0001 00:00:00
449
11
931 363
368
758
01/01/0001 00:00:00
491
12
852 214
419
261
01/01/0001 00:00:00
122
13
435 139
670
424
01/01/0001 00:00:00
608
14
813 949
663
680
01/01/0001 00:00:00
214
15
131 98
139
330
01/01/0001 00:00:00
688
16
173 2
129
348
01/01/0001 00:00:00
915
17
586 834
916
273
01/01/0001 00:00:00
404
18
612 45
625
687
01/01/0001 00:00:00
481
19
330 999
562
418
01/01/0001 00:00:00
313
20
490 114
425
198
01/01/0001 00:00:00
926
21
86 628
647
16
01/01/0001 00:00:00
318
22
832 224
37
70
01/01/0001 00:00:00
318
23
849 85
71
345
01/01/0001 00:00:00
535
24
600 222
396
20
01/01/0001 00:00:00
996
25
768 324
976
199
01/01/0001 00:00:00
883
26
131 536
721
17
01/01/0001 00:00:00
197
27
58 577
930
421
01/01/0001 00:00:00
829
28
958 187
900
955
01/01/0001 00:00:00
572
29
387 7
555
368
01/01/0001 00:00:00
632
30
244 928
216
883
01/01/0001 00:00:00
712
268
718
405
202
30
1
158 761
652
448
01/01/0001 00:00:00
132
2
186 295
502
20
01/01/0001 00:00:00
872
3
259 272
155
649
01/01/0001 00:00:00
516
4
576 413
322
441
01/01/0001 00:00:00
447
5
608 760
768
607
01/01/0001 00:00:00
566
6
638 203
320
837
01/01/0001 00:00:00
304
7
929 340
171
728
01/01/0001 00:00:00
263
8
67 306
738
768
01/01/0001 00:00:00
768
9
276 884
987
683
01/01/0001 00:00:00
109
10
359 89
278
700
01/01/0001 00:00:00
306
11
299 945
276
957
01/01/0001 00:00:00
593
12
397 993
44
881
01/01/0001 00:00:00
493
13
983 975
665
715
01/01/0001 00:00:00
942
14
918 101
426
385
01/01/0001 00:00:00
448
15
270 674
554
672
01/01/0001 00:00:00
171
16
723 773
85
497
01/01/0001 00:00:00
206
17
549 924
620
531
01/01/0001 00:00:00
5
18
983 63
213
135
01/01/0001 00:00:00
866
19
74 261
857
274
01/01/0001 00:00:00
785
20
301 219
271
740
01/01/0001 00:00:00
190
21
258 662
893
251
01/01/0001 00:00:00
35
22
624 391
604
786
01/01/0001 00:00:00
869
23
623 908
547
674
01/01/0001 00:00:00
944
24
58 355
133
710
01/01/0001 00:00:00
959
25
854 887
291
518
01/01/0001 00:00:00
374
26
9 817
279
887
01/01/0001 00:00:00
870
27
503 501
344
306
01/01/0001 00:00:00
947
28
886 31
368
495
01/01/0001 00:00:00
381
29
591 459
426
265
01/01/0001 00:00:00
243
30
166 714
182
330
01/01/0001 00:00:00
727
945
86
561
781
30
1
336 371
370
374
01/01/0001 00:00:00
876
2
26 807
112
716
01/01/0001 00:00:00
916
3
365 121
563
240
01/01/0001 00:00:00
726
4
57 26
986
637
01/01/0001 00:00:00
329
5
367 394
460
26
01/01/0001 00:00:00
275
6
208 295
634
949
01/01/0001 00:00:00
160
7
924 417
940
563
01/01/0001 00:00:00
970
8
576 516
657
491
01/01/0001 00:00:00
469
9
573 479
743
510
01/01/0001 00:00:00
899
10
121 602
473
455
01/01/0001 00:00:00
272
11
701 959
448
231
01/01/0001 00:00:00
413
12
941 910
344
98
01/01/0001 00:00:00
668
13
730 172
162
556
01/01/0001 00:00:00
992
14
947 181
999
269
01/01/0001 00:00:00
150
15
541 368
494
168
01/01/0001 00:00:00
755
16
887 651
950
126
01/01/0001 00:00:00
154
17
605 821
179
676
01/01/0001 00:00:00
459
18
964 969
708
150
01/01/0001 00:00:00
29
19
666 172
558
823
01/01/0001 00:00:00
739
20
401 316
186
518
01/01/0001 00:00:00
952
21
940 603
204
305
01/01/0001 00:00:00
731
22
332 464
279
476
01/01/0001 00:00:00
525
23
290 960
217
943
01/01/0001 00:00:00
62
24
908 992
486
97
01/01/0001 00:00:00
27
25
978 472
849
240
01/01/0001 00:00:00
484
26
369 809
671
429
01/01/0001 00:00:00
353
27
571 464
432
174
01/01/0001 00:00:00
214
28
2 617
874
944
01/01/0001 00:00:00
126
29
500 689
232
624
01/01/0001 00:00:00
739
30
705 954
615
760
01/01/0001 00:00:00
830
